,year_month,total_cost,total_cost
0,2023-01,3796460.16,
1,2023-02,3807121.39,0.0
2,2023-03,3780305.92,-0.01
3,2023-04,3790060.9899999998,0.0
4,2023-05,3829384.52,0.01
5,2023-06,3984145.17,0.04
6,2023-07,3984576.64,0.0
7,2023-08,3974509.54,-0.0
8,2023-09,3800121.99,-0.04
9,2023-10,3778714.73,-0.01
10,2023-11,4608493.97,0.22
11,2023-12,4636102.31,0.01
12,2024-01,3811978.7399999998,-0.18
13,2024-02,3799157.15,-0.0
14,2024-03,3779598.92,-0.01
15,2024-04,3806197.15,0.01
16,2024-05,3766355.7800000003,-0.01
17,2024-06,3988129.73,0.06
18,2024-07,3961922.37,-0.01
19,2024-08,3991651.36,0.01
20,2024-09,3779098.05,-0.05
21,2024-10,3788151.65,0.0
22,2024-11,4479265.89,0.18
23,2024-12,4542765.96,0.01
